#    x        Cp  
   1.00000  0.13474
   0.99655  0.13209
   0.99098  0.12726
   0.98494  0.12122
   0.97842  0.11377
   0.97143  0.10476
   0.96401  0.09400
   0.95619  0.08148
   0.94804  0.06717
   0.93961  0.05121
   0.93096  0.03361
   0.92213  0.01462
   0.91317 -0.00557
   0.90412 -0.02684
   0.89499 -0.04894
   0.88581 -0.07175
   0.87659 -0.09507
   0.86735 -0.11908
   0.85811 -0.14335
   0.84885 -0.16778
   0.83960 -0.19247
   0.83035 -0.21733
   0.82111 -0.24217
   0.81189 -0.26669
   0.80267 -0.29138
   0.79347 -0.31581
   0.78428 -0.33995
   0.77511 -0.36368
   0.76595 -0.38715
   0.75680 -0.41028
   0.74766 -0.43269
   0.73854 -0.45434
   0.72942 -0.47551
   0.72032 -0.49593
   0.71121 -0.51548
   0.70212 -0.53413
   0.69302 -0.55212
   0.68393 -0.56900
   0.67483 -0.58470
   0.66573 -0.59876
   0.65660 -0.61132
   0.64746 -0.62245
   0.63829 -0.63272
   0.62910 -0.64310
   0.61989 -0.65311
   0.61066 -0.66274
   0.60141 -0.67155
   0.59215 -0.68018
   0.58287 -0.68839
   0.57357 -0.69654
   0.56425 -0.70406
   0.55492 -0.71164
   0.54558 -0.71965
   0.53622 -0.72721
   0.52686 -0.73504
   0.51748 -0.74323
   0.50810 -0.75138
   0.49871 -0.76023
   0.48933 -0.76850
   0.47994 -0.77772
   0.47055 -0.78651
   0.46116 -0.79561
   0.45178 -0.80472
   0.44239 -0.81431
   0.43301 -0.82361
   0.42363 -0.83342
   0.41426 -0.84306
   0.40489 -0.85321
   0.39553 -0.86347
   0.38617 -0.87386
   0.37682 -0.88397
   0.36748 -0.89492
   0.35814 -0.90610
   0.34881 -0.91688
   0.33949 -0.92774
   0.33018 -0.93953
   0.32088 -0.95205
   0.31159 -0.96544
   0.30232 -0.97880
   0.29306 -0.99358
   0.28383 -1.00752
   0.27461 -1.02180
   0.26542 -1.03740
   0.25625 -1.05412
   0.24711 -1.07161
   0.23800 -1.09100
   0.22894 -1.11065
   0.21992 -1.13045
   0.21094 -1.15205
   0.20202 -1.17479
   0.19316 -1.19782
   0.18437 -1.22249
   0.17566 -1.24769
   0.16704 -1.27450
   0.15853 -1.30461
   0.15014 -1.33655
   0.14191 -1.36791
   0.13386 -1.40564
   0.12601 -1.44601
   0.11841 -1.49226
   0.11108 -1.53771
   0.10405 -1.58587
   0.09734 -1.63603
   0.09096 -1.69289
   0.08494 -1.76880
   0.07926 -1.91397
   0.07392 -2.15658
   0.06891 -2.30870
   0.06422 -2.34418
   0.05981 -2.38088
   0.05569 -2.41940
   0.05182 -2.46000
   0.04820 -2.50176
   0.04481 -2.54378
   0.04162 -2.58256
   0.03863 -2.61577
   0.03583 -2.64020
   0.03319 -2.65222
   0.03071 -2.64736
   0.02839 -2.61566
   0.02620 -2.54892
   0.02415 -2.45063
   0.02222 -2.31867
   0.02041 -2.16337
   0.01870 -1.98920
   0.01710 -1.80532
   0.01560 -1.62567
   0.01418 -1.45926
   0.01284 -1.29392
   0.01159 -1.14363
   0.01040 -0.99598
   0.00929 -0.86328
   0.00824 -0.74178
   0.00726 -0.62734
   0.00635 -0.51277
   0.00550 -0.39152
   0.00472 -0.27396
   0.00401 -0.14264
   0.00335 -0.02152
   0.00276  0.10621
   0.00223  0.22693
   0.00175  0.34389
   0.00134  0.45704
   0.00098  0.55814
   0.00068  0.65444
   0.00043  0.74199
   0.00024  0.82852
   0.00010  0.89968
   0.00002  0.97101
   0.00000  1.03232
   0.00003  1.08511
   0.00011  1.13126
   0.00025  1.16623
   0.00046  1.19229
   0.00073  1.20763
   0.00106  1.21215
   0.00148  1.20589
   0.00196  1.18817
   0.00253  1.16158
   0.00318  1.12470
   0.00391  1.08136
   0.00471  1.03423
   0.00559  0.97946
   0.00654  0.92756
   0.00757  0.87343
   0.00867  0.82142
   0.00984  0.77240
   0.01110  0.72544
   0.01243  0.67886
   0.01383  0.63118
   0.01532  0.58163
   0.01688  0.53550
   0.01854  0.48927
   0.02029  0.44783
   0.02215  0.40981
   0.02412  0.37467
   0.02621  0.34379
   0.02843  0.31466
   0.03079  0.28816
   0.03330  0.26216
   0.03597  0.23771
   0.03883  0.21448
   0.04188  0.19283
   0.04516  0.17253
   0.04867  0.15294
   0.05244  0.13332
   0.05650  0.11585
   0.06087  0.09876
   0.06557  0.08384
   0.07062  0.06846
   0.07604  0.05361
   0.08185  0.03734
   0.08803  0.02178
   0.09459  0.00539
   0.10150 -0.01039
   0.10875 -0.02598
   0.11629 -0.04166
   0.12410 -0.05750
   0.13213 -0.07342
   0.14035 -0.08875
   0.14873 -0.10390
   0.15724 -0.11845
   0.16587 -0.13174
   0.17458 -0.14456
   0.18338 -0.15569
   0.19225 -0.16754
   0.20117 -0.17868
   0.21013 -0.19150
   0.21911 -0.20480
   0.22809 -0.21891
   0.23707 -0.23329
   0.24604 -0.24633
   0.25501 -0.25912
   0.26397 -0.27050
   0.27293 -0.28076
   0.28189 -0.28945
   0.29086 -0.29596
   0.29984 -0.30177
   0.30883 -0.30750
   0.31783 -0.31311
   0.32682 -0.31971
   0.33581 -0.32507
   0.34479 -0.32967
   0.35376 -0.33300
   0.36275 -0.33449
   0.37174 -0.33501
   0.38074 -0.33394
   0.38976 -0.33307
   0.39879 -0.33067
   0.40784 -0.32822
   0.41690 -0.32555
   0.42597 -0.32279
   0.43503 -0.32015
   0.44410 -0.31694
   0.45316 -0.31378
   0.46222 -0.31027
   0.47126 -0.30665
   0.48028 -0.30328
   0.48928 -0.29961
   0.49825 -0.29555
   0.50718 -0.29059
   0.51610 -0.28430
   0.52500 -0.27684
   0.53389 -0.26826
   0.54279 -0.25944
   0.55171 -0.25109
   0.56065 -0.24371
   0.56962 -0.23730
   0.57862 -0.23159
   0.58765 -0.22631
   0.59671 -0.18972
   0.60580 -0.11052
   0.61492 -0.07854
   0.62406 -0.06245
   0.63323 -0.04876
   0.64243 -0.03279
   0.65165 -0.01643
   0.66090  0.00225
   0.67017  0.02130
   0.67946  0.04194
   0.68876  0.06296
   0.69808  0.08471
   0.70739  0.10885
   0.71669  0.13319
   0.72596  0.15872
   0.73515  0.18399
   0.74424  0.20793
   0.75322  0.23086
   0.76210  0.25042
   0.77089  0.26778
   0.77962  0.28206
   0.78831  0.29464
   0.79696  0.30479
   0.80559  0.31374
   0.81422  0.32132
   0.82283  0.32797
   0.83144  0.33347
   0.84004  0.33797
   0.84864  0.34188
   0.85723  0.34446
   0.86581  0.34661
   0.87438  0.34775
   0.88293  0.34808
   0.89146  0.34732
   0.89997  0.34555
   0.90843  0.34319
   0.91683  0.33975
   0.92516  0.33511
   0.93338  0.32954
   0.94147  0.32303
   0.94938  0.31555
   0.95708  0.30568
   0.96453  0.29523
   0.97166  0.28273
   0.97845  0.26833
   0.98487  0.24993
   0.99088  0.22864
   0.99649  0.19791
   1.00000  0.13474
